% This routine performs numerical integration of the planets in the solar
% system and the Moon 100 years forward and compares the resulting relative
% positions w.r.t. Sun to outputs obtained from the JPL Horizons system

% REFERENCES: 
%  [1] Urban, Seidelmann - Explanatory Supplement to the Astronomical
%  Almanac, 3rd edition, University Science Books, 2013.
%  [2] Horizons System, available at 
%  https://ssd.jpl.nasa.gov/horizons/app.html#/
%  [3] Park, Folkner, Williams, Boggs - The JPL Planetary and Lunar 
%  Ephemerides DE440 and DE441, The Astronomical Journal, vol 161, No 3,
%  2021.

% Initial state of the Moon libration angles at JT_epoch 
% (phi, theta, psi, phi1, theta1, psi1) [1]:
LIB_initial = [
    0.00512995970515812456; 
    0.00004524704499022800;
    0.38239065587686011507; 
    -0.00000223092763198743;
    1.29414222411027863099;
    0.22994485870136698411
];

LIB_initial = [
    0.00512830031411853500;
    0.00004573724185991433;
    0.38239278420173690000;
   -0.00000218986174567295;
    1.29416700274878300000;
    0.22994486018992250000
];

% From DE421 obtained using the python package jplephem.
LIB_initial = [
    5.128132058714363e-03;
    1.165507165777481e-04;
    3.823932005230066e-01;
    1.461912823858170e-05;
    1.294168056057082e+00;
    2.298367282420818e-01
];

% Indices of the bodies.
ind_sun     = 1;
ind_mercury = 2;
ind_venus   = 3;
ind_earth   = 4;
ind_moon    = 5;
ind_mars    = 6;
ind_jupiter = 7;
ind_saturn  = 8;
ind_uranus  = 9;
ind_neptune = 10;
ind_pluto   = 11;
ind_ceres   = 12;
ind_pallas  = 13;
ind_juno    = 14;
ind_vesta   = 15;

% The intial conditions are obtained from JPL Horizons with origin at the
% body center for all bodies except the Sun. This is done since the actual 
% heliocentric initial condition in sources like [1] contain contributions 
% to the Solar System Barycenter from smaller non-planetary objects.

% Initial condition for the position (au).
R_initial = [
    4.501771046200178E-03,  7.667597654825399E-04,  2.662206318863734E-04; ...
    3.572602077668869E-01, -9.154904799747744E-02, -8.598103172768061E-02; ...
    6.082494317526214E-01, -3.491324458403040E-01, -1.955443448720758E-01; ...
    1.160247250568800E-01, -9.265813150908608E-01, -4.017930739420348E-01; ...
    1.152165477160266E-01, -9.285759450811601E-01, -4.028803366239009E-01; ...
   -1.146885853705725E-01, -1.328366526279570E+00, -6.061551990541251E-01;...
   -5.384209277643075E+00, -8.312483870146020E-01, -2.250951187017292E-01; ...
    7.889888161590055E+00,  4.595710989682622E+00,  1.558429793513401E+00; ...
   -1.826990605559244E+01, -1.162723764514111E+00, -2.503714950236171E-01; ...
   -1.605954001605754E+01, -2.394295935145348E+01, -9.400423444456409E+00; ...
   -3.048781548042960E+01, -8.731761132527535E-01,  8.911305385348918E+00; ...
];

% Initial condition for the velocity (au/d).
V_initial = [
   -3.517482063742068E-07,  5.177625639825057E-06,  2.229090837927562E-06; ...
    3.367845709043980E-03,  2.488934292987171E-02,  1.294407129214571E-02; ...
    1.095242018625395E-02,  1.561250662984909E-02,  6.328876605810963E-03; ...
    1.680431652771057E-02,  1.745166161927448E-03,  7.570134278727792E-04; ...
    1.740540134429601E-02,  1.577720694761970E-03,  6.714512881328027E-04; ...
    1.448200480836478E-02,  2.372854532106865E-04, -2.837498250145917E-04; ...
    1.092364404049427E-03, -6.523294106045839E-03, -2.823012134541729E-03; ...
   -3.217204775856843E-03,  4.330632712157481E-03,  1.926417212037553E-03; ...
    2.215425014444429E-04, -3.767652400674729E-03, -1.653244046240149E-03; ...
    2.643121823195712E-03, -1.503490013808834E-03, -6.812710872439278E-04; ...
    3.225591308955338E-04, -3.148753752998151E-03, -1.080178675229524E-03; ...
];

% Astronomical unit (km).
au = 149597870.691;

% Gauss' (gravitational) constant from Table 8.4 in [1].
k = 0.01720209895;

% Earth-Moon mass ratio from Table 8.4 in [1].
em_ratio = 81.30056;

% Standard gravitational parameters from Table 8.4 in [1].
mu = k*k ./ [
    1;
    6023600;
    408523.71;
    328900.5614 * (em_ratio + 1) / em_ratio;
    328900.5614 * (em_ratio + 1);
    3098708;
    1047.3486;
    3497.898;
    22902.98;
    19412.24;
    135200000
]';
%mu(5) =  1.093189443939597e-11
mu(5) = 1.093189450705846e-11;

% From Table 2 in [3].
GM_sun = 132712440041.279419; 
GM_moon= 4902.800118; 
GM_mer = 22031.868551;
GM_ven = 324858.592000; 
GM_ear = 398600.435507;
GM_mar = 42828.375816;
GM_jup = 126712764.100000;
GM_sat = 37940584.841800;
GM_ura = 5794556.400000;
GM_nep = 6836527.100580;
GM_plu = 975.500000;
data_cer        = [62.178, 1.438681557460599E+00, -2.204373520149093E+00, -1.326397869637290E+00,  8.465407071263739E-03,  4.684247756333535E-03,  4.661571593681031E-04];
data_pal        = [13.402, 2.038305484098803E-01, -3.209619169577908E+00,  6.238442521509175E-01,  8.534313988786690E-03, -8.606631066922886E-04, -3.929012607500672E-04];
data_jun        = [1.536, 4.612065292684774E-01, -3.006098944839013E+00, -5.801638036056415E-01,  8.395459067804244E-03,  3.111907833334782E-03,  2.730569008690409E-04];
data_ves        = [17.630, 1.823724941127288E-01,  2.386628127871159E+00,  9.245962963046050E-01, -1.017449623665891E-02,  4.148089092437803E-05,  1.344159277699022E-03];
data_astraea    = [0.159,  2.489298570830910E+00,  1.036393137894717E+00,  2.105623757685725E-01, -5.569106885919010E-03,  7.959737014966118E-03,  3.113961547875325E-03];
data_hebe       = [0.605, 1.339048882519657E+00,  1.442776395814341E+00,  7.927384133525137E-02, -8.775986458159779E-03,  9.426816142936958E-03,  3.535716492239485E-03];
data_iris       = [0.796,  1.892474916134514E+00, -8.484149489370393E-01, -1.571595055065998E-01,  2.786951843966373E-03,  1.131405771472516E-02,  4.975133976616641E-03];
data_flora      = [0.236, -2.119654625312452E+00,  8.084684871277124E-01,  5.333989530870324E-01, -5.818108171130158E-03, -8.811938467706650E-03, -2.835327827441147E-03];
data_metis      = [0.567, -2.424658221530984E+00, -1.253249183418855E-01,  1.859664617477523E-01, -1.166917334659410E-03, -9.845348567586456E-03, -4.559667597322920E-03];
data_hygiea     = [5.364, 2.444258647674053E+00,  2.180590539529486E+00,  1.162854728224503E+00, -5.924502821959189E-03,  5.979689084454833E-03,  2.286440081659974E-03];
data_parthenope = [0.356, -1.231934293166375E+00, -1.941583796431914E+00, -6.486518991650728E-01,  1.014672768156956E-02, -4.310582288320016E-03, -2.342319177719710E-03];
data_egeria     = [0.412, 1.110469088279295E+00, -1.956883565696291E+00, -1.669729882005807E+00,  8.850485918683454E-03,  4.168218701637546E-03,  7.934872925573253E-04];
data_irene      = [0.348, 2.968959645276704E+00,  1.795346737407267E-01, -4.414935256140036E-01,  1.144315321315373E-04,  8.313750673216725E-03,  3.664818354145694E-03];
data_eunomia    = [1.638, -1.438396739682710E+00,  2.001287880286886E+00,  7.672577048909556E-01, -9.735668316806900E-03, -2.981532281300084E-03, -3.694079119333819E-03];
data_psyche     = [2.233, 1.459068533049712E+00, -2.194287373198110E+00, -8.720453549392979E-01,  8.193868988804894E-03,  6.328895956481376E-03,  2.167068152769472E-03];
data_melpomene  = [0.267, -2.742133438940771E+00, -1.276596954534766E-02,  2.398207182934969E-01, -9.963631419254214E-04, -8.953549070722846E-03, -2.237582740412442E-03];
data_fortuna    = [0.463, -2.421847616489512E+00, -1.337430069896114E+00, -5.813969593951555E-01,  4.769320757597536E-03, -7.520732892406689E-03, -2.981884103782758E-03];
data_massalia   = [0.291, -4.469603126635175E-01,  1.855381632768110E+00,  7.780938113421028E-01, -1.251141897166910E-02, -2.534679168776488E-03, -1.141861519707461E-03];
data_lutetia    = [0.139, -4.015026523099796E-01, -2.034736973884179E+00, -8.788573464594445E-01,  1.185954656281440E-02, -1.389992741904971E-04, -7.501838526901043E-04];
