mercury_exp = [
2440400.500000000, 1969,  3.572602077668869E-01, -9.154904799747744E-02, -8.598103172768061E-02;
2440765.500000000, 1970,  2.056187170109496E-01,  2.174267888792885E-01,  9.478701694484722E-02;
2441130.500000000, 1971, -2.074233102540429E-01,  2.158300196736090E-01,  1.368074990753557E-01;
2441496.500000000, 1972, -3.951183421749648E-01, -9.650996911754092E-02, -1.053673246460804E-02;
2441861.500000000, 1973, -2.648039985866348E-01, -3.397933540929721E-01, -1.540048082065814E-01;
2442226.500000000, 1974,  7.964654450464287E-03, -4.082047720308645E-01, -2.188559280418865E-01;
2442591.500000000, 1975,  2.737099392918204E-01, -2.713116129017226E-01, -1.733196696115367E-01;
2442957.500000000, 1976,  3.399482311636519E-01,  5.914376373943111E-02, -3.690132453895840E-03;
2443322.500000000, 1977,  2.226777102557174E-02,  2.720023157785047E-01,  1.429716208639546E-01;
2443687.500000000, 1978, -3.353867015449510E-01,  9.860379317295041E-02,  8.747136912720603E-02;
2444052.500000000, 1979, -3.728469437151541E-01, -2.031474462013560E-01, -6.981537079805472E-02;
2444418.500000000, 1980, -1.511210033336982E-01, -3.951387778048435E-01, -1.953728503007464E-01;
2444783.500000000, 1981,  1.377217766222451E-01, -3.721353375824551E-01, -2.130598748419866E-01;
2445148.500000000, 1982,  3.443058492553721E-01, -1.482115616427674E-01, -1.148914491352788E-01;
2445513.500000000, 1983,  2.627070290986702E-01,  1.738460236951990E-01,  6.559786797331196E-02;
2445879.500000000, 1984, -1.691101371234036E-01,  2.353530306219237E-01,  1.432563721395905E-01;
2446244.500000000, 1985, -3.915660926045929E-01, -4.139036885359612E-02,  1.851891401166619E-02;
2446609.500000000, 1986, -3.027499305893087E-01, -3.074855919984308E-01, -1.328289426356532E-01;
2446974.500000000, 1987, -4.451771588824705E-02, -4.108189724902517E-01, -2.148164557203162E-01;
2447340.500000000, 1988,  2.517492525552685E-01, -2.944954059605764E-01, -1.834202867377214E-01;
2447705.500000000, 1989,  3.562187641739264E-01, -1.002170286818609E-03, -3.749091379983837E-02;
2448070.500000000, 1990,  9.983940576868022E-02,  2.610054249848450E-01,  1.290569133256579E-01;
2448435.500000000, 1991, -2.929602091234745E-01,  1.499235468512874E-01,  1.104719574806275E-01;
2448801.500000000, 1992, -3.825613502548587E-01, -1.754625237030495E-01, -5.403780740075068E-02;
2449166.500000000, 1993, -1.987729364244258E-01, -3.777916510777984E-01, -1.811784166467677E-01;
2449531.500000000, 1994,  8.725230784788153E-02, -3.915188850186609E-01, -2.181812355079828E-01;
2449896.500000000, 1995,  3.220978818050415E-01, -2.009321013856349E-01, -1.407385927456318E-01;
2450262.500000000, 1996,  2.897744272139352E-01,  1.448737053049807E-01,  4.732816817019606E-02;
2450627.500000000, 1997, -9.627312009486151E-02,  2.602852428292116E-01,  1.490181877232150E-01;
2450992.500000000, 1998, -3.776809864410555E-01,  1.479349985865407E-02,  4.707405476596025E-02;
2451357.500000000, 1999, -3.353715603035370E-01, -2.697813251973071E-01, -1.093230748997297E-01;
2451723.500000000, 2000, -7.429884306412536E-02, -4.093515307392130E-01, -2.109542092918072E-01;
2452088.500000000, 2001,  2.094294564417040E-01, -3.301780512672359E-01, -1.980884253016193E-01;
2452453.500000000, 2002,  3.599505899858162E-01, -6.112653166094910E-02, -6.998073787435322E-02;
2452818.500000000, 2003,  1.718846521706413E-01,  2.356060023822644E-01,  1.080275619357031E-01;
2453184.500000000, 2004, -2.635204717110011E-01,  1.768664686240495E-01,  1.218037829239422E-01;
2453549.500000000, 2005, -3.930810716472240E-01, -1.242271835020811E-01, -2.559675088894221E-02;
2453914.500000000, 2006, -2.432031902157256E-01, -3.543115328257449E-01, -1.640438632822386E-01;
2454279.500000000, 2007,  3.529776274976799E-02, -4.042450041604215E-01, -2.195964667796267E-01;
2454645.500000000, 2008,  3.057806201126304E-01, -2.289347991556152E-01, -1.539970357278668E-01;
2455010.500000000, 2009,  3.264085959044651E-01,  8.944609288928305E-02,  1.393616721481359E-02;
2455375.500000000, 2010, -1.853466423770965E-02,  2.717836067367513E-01,  1.471027272443151E-01;
2455740.500000000, 2011, -3.527376060237771E-01,  7.053074722181600E-02,  7.424850904205178E-02;
2456106.500000000, 2012, -3.513038049116502E-01, -2.459095661376012E-01, -9.493752087647615E-02;
2456471.500000000, 2013, -1.252920726864784E-01, -4.016671259641990E-01, -2.015735676059505E-01;
2456836.500000000, 2014,  1.630918781776864E-01, -3.595055364445581E-01, -2.089501751673188E-01;
2457201.500000000, 2015,  3.523466462666126E-01, -1.193327375409249E-01, -1.002733045445087E-01;
2457567.500000000, 2016,  2.092447524642898E-01,  2.152111776930790E-01,  9.327179261506183E-02;
2457932.500000000, 2017, -2.037085843587264E-01,  2.178884722882513E-01,  1.375110519631767E-01;
2458297.500000000, 2018, -3.945683620880567E-01, -7.015573868508973E-02,  3.425466898117712E-03;
2458662.500000000, 2019, -2.835722477390939E-01, -3.249511084713047E-01, -1.441912054251369E-01;
2459028.500000000, 2020,  5.291410043454066E-03, -4.085220011517065E-01, -2.187779263728180E-01;
2459393.500000000, 2021,  2.718287846620328E-01, -2.736027245168260E-01, -1.743329920966969E-01;
2459758.500000000, 2022,  3.495086981109612E-01,  3.022730381896417E-02, -2.007870793685844E-02;
2460123.500000000, 2023,  6.025565718886028E-02,  2.685300400186424E-01,  1.372035646799257E-01;
2460489.500000000, 2024, -3.332604337400861E-01,  1.015366042515998E-01,  8.878166207566311E-02;
2460854.500000000, 2025, -3.737661315022682E-01, -2.006001668301156E-01, -6.842315372277942E-02;
2461219.500000000, 2026, -1.742859701699940E-01, -3.875765593950607E-01, -1.889824026270524E-01;
2461584.500000000, 2027,  1.137959954565513E-01, -3.822993845327535E-01, -2.160199299823422E-01;
2461950.500000000, 2028,  3.434219576821665E-01, -1.512507012963131E-01, -1.163885984861027E-01;
2462315.500000000, 2029,  2.656255086216920E-01,  1.710959675889424E-01,  6.387435759579592E-02;
2462680.500000000, 2030, -1.346918242636851E-01,  2.489385738489034E-01,  1.469436614143199E-01;
2463045.500000000, 2031, -3.861358600400231E-01, -1.437461466183360E-02,  3.233476784616678E-02;
2463411.500000000, 2032, -3.045188625938313E-01, -3.056122819529470E-01, -1.317072012909241E-01;
2463776.500000000, 2033, -4.718495061685506E-02, -4.107800199586122E-01, -2.145561099173928E-01;
2464141.500000000, 2034,  2.320469340692800E-01, -3.124655323175419E-01, -1.909681807021307E-01;
2464506.500000000, 2035,  3.595981738139139E-01, -3.018638015450622E-02, -5.338499563752589E-02;
2464872.500000000, 2036,  1.041589852712028E-01,  2.599117569927507E-01,  1.280583726902073E-01;
2465237.500000000, 2037, -2.901804021973720E-01,  1.526230226410696E-01,  1.115994242329856E-01;
2465602.500000000, 2038, -3.886043197859884E-01, -1.511987946429728E-01, -4.051340925876397E-02;
2465967.500000000, 2039, -2.204879303470373E-01, -3.672509886685725E-01, -1.733524085281362E-01;
2466333.500000000, 2040,  8.461399524510416E-02, -3.923782572904795E-01, -2.183856182870933E-01;
2466698.500000000, 2041,  3.207556285221188E-01, -2.036822237060883E-01, -1.420421411775276E-01;
2467063.500000000, 2042,  3.092303190008738E-01,  1.187183654083304E-01,  3.138843007861505E-02;
2467428.500000000, 2043, -5.902769450321776E-02,  2.675969441235806E-01,  1.490736362715296E-01;
2467794.500000000, 2044, -3.765115926124465E-01,  1.787089222834497E-02,  4.854902675721985E-02;
2468159.500000000, 2045, -3.368454016485654E-01, -2.675978115342412E-01, -1.080690678650519E-01;
2468524.500000000, 2046, -9.892048969908268E-02, -4.064637757839920E-01, -2.069023769756693E-01;
2468889.500000000, 2047,  1.876470911687131E-01, -3.451214302856717E-01, -2.038140154260773E-01;
2469255.500000000, 2048,  3.599096724158714E-01, -6.442921310944874E-02, -7.169883051776006E-02;
2469620.500000000, 2049,  1.757781962775427E-01,  2.337512113947723E-01,  1.066739995340167E-01;
2469985.500000000, 2050, -2.358448124333882E-01,  1.977410003496642E-01,  1.300683656110492E-01;
